-80 14000 1800 14560 1 2
-80 14000 1800 14560 2 2
-100 14000 1820 14560 0 2
-100 14000 1820 14560 1 2
-80 15680 1800 16240 1 2
-80 15680 1800 16240 2 2
-100 15680 1820 16240 0 2
-100 15680 1820 16240 1 2
-60 14000 1780 14560 1 2
-60 14000 1780 14560 2 2
-80 14000 1800 14560 0 2
-80 14000 1800 14560 1 2
-60 15680 1780 16240 1 2
-60 15680 1780 16240 2 2
-80 15680 1800 16240 0 2
-80 15680 1800 16240 1 2
610 13660 1110 14900 0 2
610 13660 1110 14900 1 2
610 13830 1110 16410 0 2
610 13830 1110 16410 1 2
610 15340 1110 16580 0 2
610 15340 1110 16580 1 2
780 1400 4380 1960 1 2
780 1400 4380 1960 2 2
760 1400 4400 1960 0 2
760 1400 4400 1960 1 2
780 13160 4380 13720 1 2
780 13160 4380 13720 2 2
760 13160 4400 13720 0 2
760 13160 4400 13720 1 2
780 16520 4380 17080 1 2
780 16520 4380 17080 2 2
760 16520 4400 17080 0 2
760 16520 4400 17080 1 2
780 28280 4380 28840 1 2
780 28280 4380 28840 2 2
760 28280 4400 28840 0 2
760 28280 4400 28840 1 2
1470 6940 1970 14900 0 2
1470 6940 1970 14900 1 2
1470 15340 1970 23300 0 2
1470 15340 1970 23300 1 2
2330 220 2830 3140 0 2
2330 220 2830 3140 1 2
2330 4420 2830 7340 0 2
2330 4420 2830 7340 1 2
2330 6940 2830 14900 0 2
2330 6940 2830 14900 1 2
2330 15340 2830 23300 0 2
2330 15340 2830 23300 1 2
2330 22900 2830 25820 0 2
2330 22900 2830 25820 1 2
2330 27100 2830 30020 0 2
2330 27100 2830 30020 1 2
3160 710 3720 14410 2 2
3160 710 3720 14410 3 2
3160 760 3720 14360 1 2
3160 760 3720 14360 2 2
3160 15830 3720 29530 2 2
3160 15830 3720 29530 3 2
3160 15880 3720 29480 1 2
3160 15880 3720 29480 2 2
3190 6940 3690 14900 0 2
3190 6940 3690 14900 1 2
3190 15340 3690 23300 0 2
3190 15340 3690 23300 1 2
