780 1400 4380 1960 1 2
780 1400 4380 1960 2 2
760 1400 4400 1960 0 2
760 1400 4400 1960 1 2
780 13160 4380 13720 1 2
780 13160 4380 13720 2 2
760 13160 4400 13720 0 2
760 13160 4400 13720 1 2
1440 710 2000 14410 2 2
1440 710 2000 14410 3 2
1440 760 2000 14360 1 2
1440 760 2000 14360 2 2
1470 220 1970 8180 0 2
1470 220 1970 8180 1 2
1640 560 5240 1120 1 2
1640 560 5240 1120 2 2
1620 560 5260 1120 0 2
1620 560 5260 1120 1 2
2330 220 2830 8180 0 2
2330 220 2830 8180 1 2
2330 7780 2830 10700 0 2
2330 7780 2830 10700 1 2
2330 11980 2830 14900 0 2
2330 11980 2830 14900 1 2
3190 220 3690 8180 0 2
3190 220 3690 8180 1 2
3700 560 6620 1120 1 2
3700 560 6620 1120 2 2
3680 560 6640 1120 0 2
3680 560 6640 1120 1 2
5080 560 8680 1120 1 2
5080 560 8680 1120 2 2
5060 560 8700 1120 0 2
5060 560 8700 1120 1 2
5940 1400 9540 1960 1 2
5940 1400 9540 1960 2 2
5920 1400 9560 1960 0 2
5920 1400 9560 1960 1 2
5940 13160 9540 13720 1 2
5940 13160 9540 13720 2 2
5920 13160 9560 13720 0 2
5920 13160 9560 13720 1 2
6630 220 7130 8180 0 2
6630 220 7130 8180 1 2
7490 220 7990 8180 0 2
7490 220 7990 8180 1 2
7490 7780 7990 10700 0 2
7490 7780 7990 10700 1 2
7490 11980 7990 14900 0 2
7490 11980 7990 14900 1 2
8320 710 8880 14410 2 2
8320 710 8880 14410 3 2
8320 760 8880 14360 1 2
8320 760 8880 14360 2 2
8350 220 8850 8180 0 2
8350 220 8850 8180 1 2
